20133
979867
20133
979867
20133
979867
20133
979867
20133
979867
20134
979866
20133
979867
20133
979867
20134
979866
20133
979867
20133
979867
20133
979867
20133
979867
20133
979867
20133
979867
20133
979867
20133
979867
20133
979867
20133
979867
20133
979867
20133
979867
20133
979867
20133
979867
20133
979867
20134
979866
20133
979867
20133
979867
20133
979867
20133
979867
20133
979867
20133
979867
20133
979867
20133
979717
999950
19933
980067
19934
980066
19933
980067
19933
980067
19934
980066
19933
980067
19933
980067
19934
980066
19933
980067
19933
980067
19934
980066
19933
